- Jet Lab
- Date: 2021-11-23 16:55:53
- Step: 100 motor steps
860
863
848
859
855
862
861
872
865
858
862
799
858
855
861
877
864
898
942
902
870
931
905
991
992
1086
1025
1060
1052
1076
1156
1312
1117
1309
1376
1555
1456
1688
1872
2067
2096
2048
2258
2496
2447
2435
2432
2480
2285
2354
2240
2011
1993
1786
1806
1660
1454
1478
1286
1201
1122
999
1004
1041
993
898
952
907
882
865
870
854
852
856
862
855
864
859
862
867
864
856
855
868
864
860
858
864
868
861
864
859
862
858
862
860
858
861
856
858
860
