- Jet Lab
- Date: 2021-11-23 16:57:23
- Step: 100 motor steps
856
864
866
866
868
864
860
864
896
868
860
852
865
878
860
865
862
978
897
882
902
901
948
923
964
943
987
1256
1124
1137
1174
1202
1288
1297
1400
1361
1495
1840
1579
1800
1848
2068
1916
1964
1863
2244
2148
2039
2042
2137
2049
1808
1980
1884
1856
1606
1650
1374
1448
1294
1252
1188
1098
1044
1087
953
1016
929
1009
888
908
915
881
910
872
871
872
885
860
857
875
859
870
866
861
854
864
861
850
865
856
862
861
859
864
856
864
861
865
857
