- Jet Lab
- Date: 2021-11-23 16:53:56
- Step: 100 motor steps
829
832
846
857
841
850
859
845
849
849
861
854
862
854
865
885
866
904
881
906
930
907
991
1101
1125
1021
1224
1159
1267
1409
1411
1595
1554
1712
1904
2196
2228
2560
2590
2616
2788
2918
2665
2856
2560
2600
2403
2176
1850
1882
1563
1570
1517
1222
1111
1112
1129
1191
1081
1020
961
916
964
856
852
859
856
847
859
848
842
856
852
852
844
852
862
844
851
858
859
850
854
849
854
849
857
854
862
849
864
854
860
859
857
861
856
862
853
864
864
