- Jet Lab
- Date: 2021-11-23 16:16:04
- Step: 500 motor steps
1062
1058
1056
1060
1065
1052
1063
1055
1057
1057
1055
1057
1060
1055
1059
1059
1062
1057
1056
1057
1057
1056
1062
1054
1062
1059
1059
1054
1055
1059
1052
1054
1056
1050
1054
1055
1058
1058
1062
1057
1062
1052
1054
1052
1056
1057
1061
1056
1056
1057
1050
1047
1055
1059
1059
1056
1055
1055
1052
1058
1046
1056
1055
1055
1060
1059
1055
1059
1059
1059
1057
1056
1059
1065
1057
1059
1063
1063
1057
1054
1060
1053
1059
1058
1063
1056
1059
1053
1051
1048
1057
1057
1056
1056
1062
1055
1060
1063
1051
1062
1062
1059
1055
1053
1058
1054
1061
1052
1059
1062
1063
1061
1057
1059
1059
1060
1057
1052
1065
1058
1071
1055
1063
1051
1055
1061
1058
1059
1055
1059
1052
1061
1062
1059
1057
1059
1054
1056
1055
1058
1060
1057
1055
1059
1062
1059
1063
1060
1067
1062
1065
1063
1064
1065
1064
1061
1060
1065
1059
1056
1062
1057
1059
1059
1059
1052
1060
1055
1055
1052
1059
1060
1050
1058
1057
1061
1056
1058
1061
1057
1057
1061
1064
1058
1062
1054
1067
1063
1065
1067
1061
1068
1055
1058
1056
1058
1061
1064
1056
1057
1055
1064
1068
1054
1056
1065
1055
1059
1057
1061
1055
1057
1056
1062
1062
1063
1055
1057
1058
1063
1060
1054
1063
1056
1056
1055
1058
1054
1044
1059
1048
1051
1056
1056
1052
1052
1054
1057
1060
1054
1053
1063
1059
1060
1053
1059
1056
1051
1056
1056
1055
1052
1059
1061
1052
1057
1051
1054
1052
1059
1051
1056
1050
1056
1052
1057
1056
1051
1052
1048
1051
1043
1044
1049
1054
1056
1057
1055
1060
1054
1051
1054
1045
1048
1050
1045
1050
1044
1053
1048
1048
1048
1055
1049
1051
1052
1053
1059
1043
1055
1046
1050
1052
1057
1052
1055
1062
1059
1061
1055
1054
1059
1063
1051
1054
1056
1055
1049
1059
1046
1049
1054
1053
1049
1044
1055
1059
1049
1056
1055
1059
1058
1054
1063
1060
1064
1060
1067
1057
1068
1065
1060
1052
1058
1059
1052
1057
1055
1055
1052
1054
1057
1059
1056
1062
1054
1055
1059
1051
1048
1047
1055
1051
1055
1056
1058
1054
1061
1059
1060
1059
1063
1061
1063
1067
1060
1067
1059
1066
1058
1063
1053
1062
1060
1063
1065
1055
1068
1069
1057
1055
1055
1061
1060
1053
1050
1059
1060
1060
1058
1064
1060
1063
1062
1060
1059
1062
1066
1068
1067
1067
1070
1067
1061
1066
1070
1069
1052
1049
1044
1046
1047
1048
1049
1051
1054
1054
1048
1054
1058
1060
1060
1052
1055
1062
1052
1059
1050
1057
1059
1058
1054
1051
1054
1059
1046
1045
1055
1053
1056
1052
1048
1052
1043
1046
1053
1058
1057
1053
1056
1050
1047
1049
1051
1047
1054
1049
1052
1049
1048
1058
1059
1050
1058
1057
1063
1059
1055
1057
1059
1061
1059
1052
1052
1056
1053
1048
1055
1057
1048
1047
1049
1055
1055
1056
1055
1054
1050
1060
1060
1060
