- Jet Lab
- Date: 2021-11-23 16:07:19
- Step: 500 motor steps
869
864
867
865
863
865
867
866
861
864
870
875
868
876
865
872
872
870
870
866
873
867
867
871
864
871
866
869
870
870
868
872
870
872
866
867
867
870
877
870
867
868
872
867
867
872
871
864
865
867
864
869
864
869
870
871
874
871
876
872
872
865
867
865
868
865
866
863
867
864
870
872
867
864
863
868
870
872
867
865
870
869
873
871
870
875
877
875
872
873
865
866
875
878
874
871
878
873
871
865
870
867
871
868
869
867
866
864
869
871
867
872
871
869
865
864
872
875
868
872
868
862
870
863
871
878
871
873
871
871
867
869
870
872
866
871
871
871
875
876
872
871
866
868
879
872
871
870
872
869
872
875
873
874
877
874
873
876
873
875
873
877
876
868
876
874
874
874
873
873
873
872
869
873
867
872
867
864
870
869
870
872
865
873
867
867
870
872
864
868
867
875
863
877
868
868
873
865
870
877
867
871
860
861
862
864
867
864
862
864
869
864
862
866
866
863
864
867
871
860
864
865
860
864
866
866
863
865
860
859
862
873
865
859
863
872
865
871
870
868
864
865
868
865
869
870
864
870
872
866
872
865
871
866
864
870
870
865
868
869
871
867
864
868
868
869
868
869
868
868
865
869
869
863
867
863
867
862
859
867
867
868
871
863
877
871
871
873
870
872
873
876
871
872
867
868
872
871
879
877
874
868
865
875
874
868
864
876
871
868
868
868
873
875
869
872
874
867
873
876
870
864
867
872
873
871
880
875
873
880
875
872
877
874
874
873
867
865
868
872
862
867
869
866
864
867
870
868
862
866
870
867
870
867
870
868
868
860
868
870
867
871
871
871
868
870
870
872
864
867
870
869
873
864
858
862
862
865
869
865
869
870
870
867
867
867
867
868
868
871
871
874
870
872
867
873
870
868
879
870
869
873
873
878
874
870
871
867
876
873
871
866
871
867
871
866
867
871
871
869
872
868
871
861
872
868
875
874
865
871
869
868
869
873
864
873
871
872
865
874
871
875
874
864
871
863
869
870
866
867
863
869
871
872
867
876
873
873
877
877
867
875
873
876
870
876
866
872
871
874
867
875
871
876
877
875
870
877
871
864
870
873
872
872
864
866
868
864
865
871
869
876
869
869
876
867
873
878
875
871
873
